0000000000000555550000000000000
0000000055555555555555500000000
0000005555555555555555555000000
0000555555555555555555555550000
0055555555555555555555555555500
0155555555555555555555555555500
0155555555555555555555555555510
0155555555511155511155555555510
0155555111510155510151115555510
0155555101211122211121015555510
0151112111444444444441112111010
0151014444444444444444444101010
0121114444444444444444444111210
0144444444444444444444444444410
0144444444444333334444444444410
1144444444433333333344444444411
1444444444333333333334444444441
1444443444333333333334443444441
1444433443333344433333443344441
1444433443333444443333443344441
1444333443333444443333443334441
1444333443333444443333443334441
1444333443333344433333443334441
1444333444333333333334443334441
1444433344333333333334433344441
1444433343333333333333433344441
1444443333344333334433333444441
1444443333444444444443333444441
1144444333334444444333334444411
0144444333333333333333334444410
0114444443333333333333444444110
0014444444433333333344444444100
0011444444444444444444444441100
0001144444444444444444444411000
0000111444444444444444441110000
0000001111444444444441111000000
0000000001111111111111000000000